100 5049 0
0 0
0 2
0 3
0 4
0 6
0 12
0 15
0 16
0 17
0 20
0 21
0 26
0 27
0 29
0 30
0 31
0 35
0 37
0 39
0 40
0 42
0 45
0 47
0 48
0 49
0 51
0 53
0 60
0 61
0 64
0 66
0 67
0 69
0 71
0 72
0 73
0 76
0 78
0 81
0 83
0 84
0 85
0 87
0 89
0 93
0 94
0 98
1 0
1 1
1 2
1 8
1 11
1 12
1 14
1 15
1 23
1 26
1 28
1 34
1 37
1 38
1 40
1 41
1 43
1 47
1 50
1 55
1 59
1 61
1 62
1 65
1 66
1 70
1 71
1 74
1 76
1 80
1 81
1 82
1 85
1 86
1 87
1 88
1 89
1 90
1 91
1 92
1 94
1 95
1 96
1 97
2 1
2 2
2 3
2 4
2 11
2 15
2 20
2 21
2 24
2 25
2 28
2 30
2 33
2 35
2 37
2 40
2 42
2 45
2 46
2 48
2 49
2 54
2 55
2 56
2 58
2 62
2 63
2 65
2 68
2 69
2 72
2 73
2 75
2 76
2 78
2 79
2 81
2 82
2 83
2 84
2 85
2 87
2 91
2 92
2 94
2 98
3 0
3 1
3 2
3 3
3 5
3 6
3 7
3 8
3 11
3 12
3 15
3 16
3 17
3 20
3 22
3 23
3 31
3 33
3 34
3 36
3 39
3 41
3 42
3 47
3 48
3 49
3 50
3 52
3 55
3 57
3 64
3 65
3 66
3 68
3 74
3 76
3 77
3 78
3 80
3 81
3 83
3 85
3 87
3 88
3 89
3 90
3 99
4 2
4 4
4 6
4 10
4 12
4 14
4 16
4 18
4 20
4 22
4 24
4 25
4 26
4 29
4 30
4 31
4 32
4 35
4 36
4 37
4 39
4 41
4 43
4 44
4 48
4 50
4 51
4 52
4 55
4 57
4 59
4 61
4 63
4 65
4 70
4 71
4 77
4 79
4 81
4 82
4 83
4 85
4 89
4 96
4 98
4 99
5 0
5 1
5 2
5 4
5 7
5 11
5 12
5 13
5 15
5 16
5 17
5 20
5 22
5 23
5 27
5 29
5 30
5 31
5 32
5 33
5 36
5 38
5 44
5 45
5 47
5 53
5 54
5 56
5 57
5 58
5 59
5 61
5 62
5 64
5 67
5 70
5 71
5 75
5 76
5 77
5 79
5 80
5 82
5 84
5 85
5 90
5 91
5 95
5 96
5 97
5 98
6 0
6 1
6 2
6 3
6 4
6 6
6 8
6 9
6 12
6 13
6 15
6 16
6 17
6 18
6 19
6 21
6 22
6 24
6 25
6 26
6 28
6 30
6 31
6 33
6 37
6 40
6 44
6 47
6 48
6 49
6 50
6 51
6 52
6 53
6 59
6 62
6 64
6 65
6 67
6 69
6 73
6 76
6 78
6 80
6 82
6 84
6 85
6 87
6 91
6 93
6 94
6 95
6 96
6 98
7 0
7 3
7 7
7 8
7 11
7 12
7 14
7 18
7 21
7 23
7 26
7 27
7 28
7 30
7 31
7 32
7 34
7 38
7 39
7 41
7 42
7 43
7 45
7 46
7 49
7 51
7 53
7 57
7 58
7 59
7 62
7 64
7 65
7 68
7 70
7 71
7 72
7 76
7 78
7 82
7 83
7 84
7 86
7 89
7 91
7 92
7 94
7 95
7 96
7 97
7 98
8 0
8 2
8 4
8 5
8 8
8 11
8 12
8 13
8 15
8 16
8 17
8 18
8 21
8 26
8 29
8 31
8 33
8 34
8 35
8 41
8 45
8 46
8 50
8 51
8 53
8 63
8 67
8 68
8 70
8 73
8 74
8 77
8 79
8 80
8 83
8 86
8 87
8 91
8 92
8 93
8 95
8 98
8 99
9 1
9 2
9 5
9 8
9 9
9 10
9 11
9 15
9 17
9 20
9 21
9 22
9 23
9 24
9 26
9 30
9 32
9 34
9 37
9 39
9 41
9 42
9 43
9 45
9 46
9 48
9 56
9 59
9 62
9 63
9 70
9 71
9 72
9 74
9 75
9 76
9 77
9 79
9 80
9 81
9 82
9 84
9 85
9 88
9 89
9 92
9 95
9 96
9 99
10 1
10 7
10 9
10 11
10 13
10 16
10 17
10 18
10 19
10 21
10 22
10 24
10 26
10 29
10 32
10 34
10 36
10 38
10 39
10 40
10 41
10 42
10 43
10 45
10 49
10 50
10 56
10 58
10 59
10 60
10 61
10 63
10 67
10 69
10 70
10 72
10 73
10 75
10 78
10 79
10 80
10 81
10 83
10 84
10 85
10 87
10 88
10 89
10 92
10 93
10 95
10 97
10 99
11 0
11 3
11 4
11 5
11 6
11 8
11 9
11 10
11 12
11 13
11 14
11 18
11 19
11 20
11 22
11 25
11 27
11 28
11 29
11 30
11 32
11 33
11 35
11 37
11 40
11 44
11 48
11 52
11 53
11 54
11 55
11 58
11 60
11 61
11 62
11 64
11 65
11 67
11 69
11 70
11 72
11 74
11 76
11 77
11 83
11 86
11 88
11 91
11 92
11 96
11 97
11 98
12 0
12 1
12 2
12 3
12 4
12 6
12 8
12 9
12 11
12 12
12 14
12 16
12 19
12 21
12 23
12 24
12 26
12 28
12 30
12 31
12 34
12 37
12 39
12 40
12 41
12 42
12 44
12 45
12 46
12 47
12 50
12 51
12 52
12 54
12 55
12 57
12 58
12 59
12 60
12 64
12 66
12 68
12 71
12 72
12 73
12 75
12 78
12 79
12 80
12 81
12 83
12 85
12 87
12 90
12 91
12 94
12 96
12 99
13 0
13 4
13 6
13 7
13 8
13 10
13 11
13 12
13 14
13 17
13 18
13 24
13 28
13 30
13 34
13 36
13 37
13 41
13 43
13 44
13 45
13 47
13 49
13 50
13 53
13 55
13 57
13 58
13 61
13 62
13 63
13 64
13 65
13 69
13 74
13 75
13 76
13 77
13 78
13 80
13 81
13 84
13 86
13 87
13 89
13 90
13 92
13 94
13 96
13 97
13 99
14 1
14 2
14 3
14 5
14 6
14 7
14 13
14 14
14 15
14 16
14 19
14 23
14 24
14 26
14 27
14 28
14 29
14 30
14 31
14 32
14 38
14 41
14 46
14 49
14 51
14 54
14 55
14 56
14 57
14 59
14 63
14 64
14 66
14 68
14 70
14 72
14 73
14 74
14 75
14 79
14 81
14 83
14 88
14 89
14 94
14 95
14 97
15 0
15 1
15 3
15 4
15 5
15 9
15 10
15 11
15 12
15 14
15 17
15 18
15 19
15 20
15 23
15 24
15 26
15 28
15 29
15 33
15 34
15 37
15 39
15 41
15 44
15 45
15 50
15 51
15 52
15 53
15 54
15 56
15 58
15 59
15 60
15 61
15 62
15 63
15 69
15 72
15 74
15 78
15 80
15 81
15 85
15 86
15 92
15 93
16 1
16 4
16 6
16 8
16 11
16 12
16 13
16 14
16 16
16 20
16 21
16 22
16 23
16 24
16 26
16 27
16 28
16 29
16 32
16 38
16 39
16 40
16 42
16 43
16 44
16 49
16 51
16 52
16 58
16 61
16 63
16 69
16 70
16 75
16 77
16 79
16 80
16 82
16 85
16 86
16 87
16 88
16 89
16 90
16 93
16 94
16 98
16 99
17 6
17 7
17 8
17 10
17 11
17 12
17 15
17 17
17 20
17 21
17 22
17 23
17 24
17 25
17 29
17 30
17 35
17 36
17 38
17 40
17 45
17 47
17 52
17 53
17 54
17 62
17 64
17 65
17 66
17 67
17 68
17 69
17 72
17 75
17 77
17 78
17 79
17 83
17 85
17 86
17 91
17 92
17 95
17 99
18 0
18 1
18 5
18 6
18 10
18 12
18 15
18 16
18 20
18 22
18 24
18 25
18 28
18 29
18 30
18 31
18 32
18 36
18 38
18 40
18 42
18 43
18 44
18 45
18 46
18 48
18 49
18 50
18 51
18 53
18 54
18 56
18 57
18 58
18 64
18 67
18 69
18 74
18 75
18 76
18 77
18 78
18 80
18 81
18 83
18 87
18 89
18 91
18 92
18 93
18 97
18 99
19 1
19 2
19 3
19 4
19 10
19 12
19 13
19 15
19 17
19 19
19 20
19 21
19 23
19 24
19 26
19 27
19 29
19 30
19 31
19 32
19 36
19 37
19 38
19 40
19 41
19 43
19 46
19 48
19 51
19 52
19 53
19 54
19 57
19 59
19 60
19 61
19 62
19 63
19 65
19 66
19 67
19 69
19 71
19 72
19 73
19 74
19 75
19 76
19 79
19 80
19 81
19 83
19 84
19 87
19 88
19 90
19 92
19 93
19 94
19 97
19 98
20 0
20 1
20 3
20 7
20 8
20 13
20 16
20 20
20 21
20 23
20 28
20 30
20 32
20 33
20 34
20 36
20 38
20 39
20 40
20 41
20 51
20 52
20 53
20 55
20 56
20 58
20 59
20 61
20 62
20 64
20 65
20 66
20 68
20 69
20 71
20 73
20 74
20 77
20 78
20 83
20 84
20 85
20 86
20 88
20 89
20 90
20 91
20 93
20 95
20 97
20 99
21 0
21 1
21 4
21 5
21 7
21 8
21 11
21 13
21 14
21 16
21 18
21 19
21 20
21 22
21 24
21 28
21 29
21 30
21 32
21 33
21 34
21 40
21 41
21 43
21 44
21 45
21 46
21 48
21 49
21 51
21 52
21 53
21 54
21 56
21 58
21 60
21 61
21 62
21 65
21 66
21 68
21 69
21 70
21 71
21 75
21 79
21 81
21 86
21 87
21 89
21 90
21 91
21 93
21 97
21 98
22 0
22 2
22 4
22 10
22 11
22 12
22 16
22 17
22 18
22 20
22 25
22 26
22 27
22 29
22 30
22 34
22 35
22 39
22 41
22 46
22 47
22 50
22 51
22 55
22 57
22 62
22 63
22 64
22 69
22 71
22 73
22 74
22 76
22 78
22 80
22 81
22 84
22 85
22 87
22 89
22 90
22 91
22 92
22 93
22 94
23 1
23 3
23 4
23 6
23 7
23 9
23 15
23 16
23 17
23 18
23 19
23 21
23 22
23 23
23 26
23 30
23 32
23 34
23 37
23 38
23 39
23 40
23 41
23 44
23 48
23 49
23 50
23 51
23 53
23 55
23 56
23 59
23 60
23 61
23 65
23 66
23 67
23 69
23 70
23 72
23 73
23 74
23 76
23 77
23 78
23 79
23 81
23 84
23 85
23 86
23 87
23 93
23 94
23 96
23 97
23 99
24 0
24 4
24 5
24 7
24 10
24 11
24 12
24 14
24 16
24 17
24 20
24 23
24 26
24 30
24 33
24 34
24 35
24 36
24 37
24 38
24 41
24 43
24 48
24 49
24 50
24 52
24 53
24 54
24 55
24 58
24 61
24 62
24 64
24 65
24 67
24 68
24 72
24 74
24 76
24 77
24 81
24 83
24 84
24 85
24 86
24 89
24 91
24 92
24 95
24 96
24 98
25 0
25 2
25 3
25 5
25 6
25 7
25 8
25 9
25 10
25 11
25 17
25 19
25 21
25 22
25 23
25 28
25 29
25 31
25 33
25 34
25 39
25 40
25 45
25 47
25 50
25 54
25 58
25 59
25 60
25 62
25 63
25 64
25 68
25 70
25 73
25 75
25 76
25 78
25 83
25 86
25 87
25 89
25 90
25 91
25 93
25 94
25 96
25 98
25 99
26 0
26 2
26 4
26 8
26 10
26 11
26 12
26 13
26 14
26 15
26 16
26 21
26 23
26 25
26 26
26 27
26 28
26 29
26 31
26 35
26 37
26 38
26 40
26 41
26 44
26 45
26 47
26 48
26 49
26 53
26 55
26 56
26 61
26 64
26 70
26 72
26 75
26 77
26 78
26 80
26 81
26 82
26 83
26 84
26 85
26 90
26 91
26 96
27 1
27 2
27 4
27 5
27 7
27 8
27 11
27 12
27 14
27 16
27 18
27 20
27 24
27 25
27 27
27 30
27 31
27 33
27 34
27 37
27 44
27 45
27 47
27 48
27 49
27 50
27 52
27 53
27 58
27 59
27 60
27 64
27 69
27 71
27 78
27 79
27 80
27 84
27 87
27 90
27 91
27 94
27 96
28 1
28 10
28 11
28 12
28 13
28 14
28 19
28 21
28 23
28 24
28 29
28 32
28 33
28 34
28 35
28 38
28 39
28 40
28 44
28 48
28 54
28 57
28 58
28 59
28 60
28 64
28 65
28 67
28 69
28 70
28 72
28 73
28 74
28 75
28 80
28 81
28 82
28 83
28 85
28 86
28 88
28 93
28 94
28 95
28 96
28 97
28 99
29 3
29 5
29 6
29 7
29 9
29 10
29 11
29 13
29 15
29 16
29 18
29 19
29 23
29 24
29 25
29 26
29 27
29 28
29 33
29 34
29 35
29 36
29 38
29 42
29 47
29 48
29 50
29 51
29 52
29 53
29 56
29 57
29 59
29 61
29 63
29 64
29 66
29 67
29 69
29 70
29 74
29 75
29 78
29 79
29 81
29 82
29 83
29 84
29 87
29 88
29 91
29 92
29 94
29 95
29 96
29 97
29 98
30 2
30 3
30 5
30 7
30 10
30 12
30 13
30 14
30 16
30 19
30 22
30 23
30 24
30 27
30 28
30 29
30 31
30 32
30 34
30 35
30 36
30 38
30 39
30 40
30 42
30 45
30 50
30 51
30 53
30 55
30 56
30 57
30 58
30 59
30 65
30 66
30 67
30 69
30 70
30 72
30 75
30 76
30 80
30 84
30 85
30 87
30 88
30 90
30 92
30 97
30 99
31 0
31 2
31 3
31 4
31 7
31 8
31 9
31 11
31 12
31 13
31 14
31 15
31 19
31 20
31 21
31 23
31 24
31 25
31 28
31 29
31 31
31 34
31 35
31 38
31 40
31 43
31 48
31 49
31 50
31 52
31 54
31 55
31 59
31 60
31 61
31 62
31 63
31 64
31 65
31 67
31 70
31 72
31 75
31 76
31 79
31 83
31 86
31 87
31 88
31 91
31 95
31 98
31 99
32 0
32 1
32 3
32 6
32 7
32 10
32 12
32 14
32 16
32 17
32 18
32 22
32 24
32 27
32 28
32 29
32 30
32 32
32 34
32 36
32 37
32 38
32 39
32 40
32 44
32 45
32 46
32 48
32 49
32 51
32 52
32 53
32 56
32 57
32 60
32 61
32 66
32 67
32 69
32 71
32 73
32 75
32 77
32 83
32 85
32 88
32 89
32 92
32 93
32 95
32 96
32 98
33 4
33 7
33 8
33 14
33 15
33 17
33 18
33 19
33 22
33 23
33 24
33 26
33 28
33 29
33 34
33 38
33 40
33 41
33 44
33 45
33 46
33 48
33 50
33 58
33 60
33 61
33 62
33 63
33 64
33 66
33 68
33 72
33 73
33 74
33 75
33 77
33 79
33 80
33 83
33 88
33 93
33 94
33 96
33 98
33 99
34 2
34 11
34 12
34 14
34 19
34 25
34 28
34 29
34 31
34 32
34 35
34 36
34 39
34 40
34 43
34 47
34 48
34 49
34 50
34 53
34 54
34 55
34 58
34 60
34 62
34 63
34 66
34 67
34 68
34 69
34 73
34 74
34 78
34 79
34 80
34 82
34 85
34 89
34 90
34 92
34 93
34 95
34 97
34 99
35 0
35 1
35 2
35 3
35 5
35 6
35 7
35 8
35 10
35 11
35 12
35 13
35 14
35 16
35 17
35 18
35 21
35 23
35 24
35 26
35 27
35 28
35 29
35 30
35 31
35 33
35 37
35 41
35 42
35 45
35 47
35 48
35 49
35 51
35 55
35 56
35 58
35 60
35 61
35 63
35 64
35 67
35 70
35 72
35 74
35 75
35 76
35 80
35 85
35 86
35 87
35 88
35 89
35 92
35 94
35 96
35 97
35 98
36 1
36 2
36 3
36 5
36 7
36 8
36 9
36 12
36 19
36 20
36 21
36 22
36 23
36 24
36 25
36 28
36 33
36 34
36 35
36 36
36 37
36 38
36 39
36 40
36 41
36 43
36 47
36 49
36 51
36 52
36 55
36 58
36 61
36 64
36 67
36 69
36 70
36 71
36 74
36 77
36 78
36 81
36 83
36 85
36 86
36 89
36 92
36 96
36 97
36 98
37 0
37 2
37 4
37 6
37 8
37 9
37 11
37 18
37 21
37 26
37 28
37 29
37 31
37 32
37 33
37 37
37 38
37 39
37 41
37 44
37 45
37 48
37 49
37 51
37 52
37 55
37 58
37 62
37 64
37 69
37 70
37 71
37 72
37 73
37 74
37 78
37 81
37 83
37 85
37 86
37 87
37 88
37 89
37 90
37 92
37 94
37 96
38 0
38 1
38 3
38 5
38 8
38 9
38 10
38 12
38 14
38 15
38 19
38 20
38 21
38 23
38 28
38 29
38 30
38 33
38 35
38 36
38 37
38 39
38 40
38 42
38 43
38 44
38 45
38 47
38 52
38 54
38 55
38 56
38 57
38 59
38 61
38 62
38 66
38 67
38 74
38 76
38 79
38 80
38 81
38 83
38 85
38 86
38 87
38 90
38 91
38 92
38 94
38 95
38 97
39 0
39 1
39 5
39 6
39 9
39 10
39 16
39 20
39 25
39 26
39 27
39 28
39 33
39 34
39 37
39 39
39 40
39 42
39 43
39 45
39 46
39 47
39 48
39 51
39 52
39 54
39 55
39 56
39 57
39 58
39 60
39 61
39 62
39 63
39 67
39 69
39 71
39 72
39 74
39 75
39 77
39 80
39 83
39 85
39 87
39 90
39 93
39 96
39 97
39 98
40 1
40 3
40 5
40 6
40 7
40 10
40 13
40 14
40 19
40 20
40 21
40 25
40 26
40 27
40 28
40 32
40 33
40 34
40 35
40 38
40 39
40 40
40 41
40 44
40 46
40 47
40 53
40 55
40 56
40 59
40 64
40 65
40 66
40 69
40 71
40 72
40 76
40 78
40 82
40 87
40 89
40 91
40 92
40 95
40 99
41 0
41 1
41 2
41 3
41 4
41 5
41 6
41 9
41 10
41 14
41 15
41 18
41 19
41 20
41 21
41 23
41 24
41 25
41 27
41 28
41 30
41 31
41 33
41 35
41 37
41 38
41 39
41 42
41 45
41 47
41 48
41 49
41 51
41 53
41 54
41 56
41 58
41 59
41 64
41 65
41 66
41 70
41 71
41 72
41 74
41 76
41 77
41 80
41 81
41 83
41 85
41 86
41 87
41 90
41 94
41 96
42 5
42 7
42 10
42 11
42 13
42 15
42 16
42 18
42 19
42 24
42 27
42 30
42 31
42 33
42 34
42 36
42 37
42 38
42 41
42 42
42 45
42 47
42 49
42 50
42 55
42 56
42 60
42 63
42 66
42 67
42 71
42 72
42 74
42 77
42 79
42 81
42 82
42 83
42 84
42 85
42 86
42 87
42 88
42 96
42 97
42 98
42 99
43 1
43 4
43 5
43 6
43 8
43 12
43 14
43 16
43 18
43 19
43 20
43 21
43 24
43 27
43 28
43 32
43 33
43 34
43 36
43 37
43 40
43 44
43 45
43 46
43 47
43 48
43 50
43 53
43 59
43 61
43 62
43 64
43 65
43 66
43 67
43 68
43 69
43 70
43 71
43 72
43 74
43 75
43 77
43 79
43 83
43 84
43 85
43 87
43 88
43 89
43 91
43 92
43 94
43 96
43 97
43 98
43 99
44 0
44 2
44 4
44 5
44 8
44 9
44 20
44 23
44 25
44 26
44 31
44 37
44 40
44 41
44 42
44 43
44 44
44 45
44 49
44 50
44 54
44 55
44 56
44 57
44 59
44 60
44 61
44 62
44 63
44 67
44 69
44 71
44 72
44 73
44 77
44 80
44 81
44 82
44 83
44 86
44 88
44 90
44 91
44 95
45 0
45 2
45 9
45 10
45 12
45 15
45 17
45 22
45 25
45 28
45 29
45 30
45 31
45 33
45 39
45 40
45 43
45 44
45 45
45 48
45 49
45 52
45 54
45 56
45 57
45 64
45 65
45 68
45 69
45 70
45 73
45 77
45 78
45 79
45 80
45 82
45 84
45 86
45 87
45 88
45 90
45 91
45 93
45 94
45 95
45 96
45 97
46 0
46 1
46 3
46 6
46 8
46 9
46 10
46 13
46 14
46 15
46 16
46 18
46 24
46 26
46 27
46 28
46 30
46 31
46 35
46 36
46 37
46 38
46 39
46 41
46 42
46 43
46 44
46 45
46 47
46 48
46 50
46 51
46 53
46 54
46 55
46 57
46 58
46 60
46 63
46 66
46 71
46 72
46 73
46 75
46 78
46 79
46 85
46 86
46 88
46 90
46 91
46 95
46 97
46 98
47 1
47 12
47 13
47 15
47 17
47 18
47 19
47 22
47 23
47 28
47 30
47 33
47 34
47 38
47 40
47 41
47 43
47 47
47 49
47 50
47 51
47 52
47 54
47 55
47 58
47 60
47 61
47 63
47 66
47 67
47 68
47 69
47 70
47 75
47 79
47 82
47 83
47 84
47 85
47 86
47 87
47 88
47 91
47 92
47 93
47 94
48 0
48 2
48 4
48 6
48 7
48 8
48 10
48 13
48 15
48 17
48 18
48 19
48 21
48 23
48 24
48 25
48 27
48 28
48 30
48 31
48 33
48 34
48 35
48 36
48 37
48 38
48 42
48 43
48 44
48 45
48 46
48 51
48 60
48 63
48 64
48 66
48 67
48 68
48 70
48 71
48 72
48 74
48 76
48 77
48 80
48 81
48 85
48 86
48 87
48 88
48 94
48 96
48 98
49 1
49 2
49 3
49 4
49 5
49 8
49 9
49 13
49 18
49 19
49 23
49 24
49 25
49 26
49 27
49 28
49 31
49 33
49 35
49 36
49 37
49 40
49 41
49 42
49 44
49 45
49 47
49 48
49 51
49 52
49 54
49 56
49 58
49 59
49 61
49 63
49 64
49 69
49 70
49 73
49 75
49 76
49 77
49 78
49 81
49 82
49 83
49 84
49 88
49 90
49 92
49 93
49 94
49 96
49 97
49 99
50 0
50 1
50 3
50 7
50 9
50 10
50 11
50 12
50 13
50 16
50 18
50 20
50 24
50 27
50 29
50 32
50 35
50 36
50 37
50 38
50 41
50 44
50 45
50 47
50 48
50 51
50 56
50 62
50 63
50 67
50 69
50 75
50 77
50 78
50 80
50 81
50 82
50 83
50 84
50 90
50 92
50 93
50 96
51 1
51 2
51 3
51 7
51 10
51 12
51 14
51 16
51 17
51 18
51 19
51 21
51 22
51 23
51 25
51 26
51 28
51 29
51 30
51 31
51 32
51 33
51 34
51 37
51 39
51 43
51 44
51 45
51 48
51 49
51 50
51 53
51 55
51 56
51 57
51 61
51 62
51 67
51 68
51 69
51 70
51 76
51 78
51 80
51 82
51 83
51 84
51 85
51 86
51 87
51 88
51 89
51 90
51 92
51 93
51 94
51 96
51 97
51 98
51 99
52 0
52 1
52 2
52 8
52 12
52 17
52 19
52 20
52 24
52 25
52 27
52 28
52 29
52 30
52 31
52 34
52 35
52 37
52 39
52 41
52 42
52 47
52 50
52 51
52 52
52 58
52 63
52 65
52 74
52 76
52 77
52 78
52 80
52 83
52 84
52 86
52 87
52 90
52 91
52 92
52 95
52 96
53 3
53 4
53 5
53 6
53 7
53 8
53 9
53 11
53 12
53 13
53 16
53 17
53 18
53 19
53 20
53 23
53 25
53 26
53 27
53 28
53 31
53 33
53 34
53 36
53 38
53 39
53 40
53 41
53 45
53 46
53 50
53 51
53 52
53 54
53 56
53 57
53 58
53 62
53 63
53 64
53 65
53 69
53 70
53 71
53 73
53 74
53 76
53 77
53 79
53 80
53 83
53 84
53 90
53 91
53 92
53 93
53 95
53 96
53 98
54 1
54 2
54 3
54 4
54 5
54 7
54 9
54 10
54 11
54 12
54 14
54 15
54 16
54 17
54 20
54 22
54 23
54 27
54 29
54 32
54 33
54 34
54 35
54 36
54 37
54 38
54 39
54 40
54 41
54 43
54 46
54 47
54 48
54 50
54 51
54 52
54 53
54 54
54 55
54 57
54 60
54 62
54 63
54 64
54 65
54 67
54 69
54 70
54 71
54 72
54 75
54 76
54 77
54 78
54 79
54 81
54 82
54 83
54 84
54 86
54 88
54 89
54 91
54 92
54 93
54 94
54 96
54 97
54 99
55 2
55 5
55 7
55 11
55 20
55 21
55 24
55 25
55 31
55 33
55 34
55 35
55 36
55 39
55 40
55 41
55 44
55 52
55 55
55 65
55 66
55 68
55 69
55 71
55 74
55 75
55 77
55 78
55 80
55 81
55 84
55 86
55 87
55 88
55 90
55 91
55 92
55 96
56 0
56 10
56 15
56 16
56 17
56 19
56 23
56 24
56 25
56 27
56 28
56 31
56 33
56 35
56 36
56 37
56 38
56 42
56 45
56 47
56 50
56 56
56 57
56 59
56 60
56 61
56 63
56 64
56 66
56 67
56 71
56 75
56 79
56 80
56 81
56 82
56 83
56 84
56 85
56 86
56 87
56 88
56 89
56 92
56 95
56 98
56 99
57 0
57 3
57 4
57 7
57 8
57 10
57 13
57 15
57 18
57 19
57 20
57 22
57 23
57 26
57 29
57 30
57 31
57 32
57 35
57 40
57 43
57 45
57 47
57 48
57 50
57 52
57 53
57 58
57 60
57 62
57 63
57 64
57 67
57 71
57 72
57 74
57 75
57 77
57 78
57 80
57 81
57 82
57 85
57 86
57 87
57 88
57 89
57 90
57 93
57 98
57 99
58 0
58 2
58 3
58 5
58 8
58 11
58 12
58 13
58 15
58 16
58 22
58 32
58 33
58 34
58 36
58 40
58 44
58 46
58 47
58 49
58 50
58 51
58 52
58 53
58 54
58 59
58 60
58 61
58 64
58 66
58 67
58 68
58 69
58 73
58 78
58 81
58 83
58 84
58 85
58 89
58 91
58 93
58 94
58 95
58 97
58 99
59 1
59 4
59 5
59 8
59 9
59 11
59 12
59 15
59 17
59 18
59 26
59 28
59 29
59 30
59 32
59 42
59 43
59 44
59 46
59 48
59 49
59 51
59 54
59 55
59 63
59 65
59 66
59 67
59 68
59 69
59 70
59 71
59 72
59 73
59 74
59 76
59 77
59 78
59 79
59 81
59 82
59 83
59 86
59 88
59 90
59 91
59 94
59 95
59 97
59 98
59 99
60 0
60 1
60 4
60 7
60 8
60 9
60 11
60 12
60 13
60 14
60 18
60 19
60 21
60 22
60 24
60 26
60 28
60 29
60 30
60 31
60 33
60 35
60 36
60 37
60 40
60 42
60 43
60 44
60 45
60 48
60 50
60 53
60 55
60 56
60 58
60 59
60 61
60 62
60 63
60 64
60 65
60 66
60 69
60 70
60 73
60 74
60 76
60 78
60 79
60 80
60 84
60 86
60 87
60 88
60 90
60 93
60 99
61 2
61 4
61 6
61 7
61 8
61 9
61 10
61 12
61 13
61 14
61 15
61 16
61 21
61 22
61 23
61 27
61 32
61 33
61 36
61 37
61 38
61 39
61 41
61 42
61 43
61 45
61 48
61 53
61 56
61 57
61 60
61 61
61 63
61 64
61 65
61 66
61 67
61 68
61 72
61 73
61 77
61 79
61 82
61 86
61 89
61 92
61 93
61 94
61 97
61 98
61 99
62 2
62 3
62 6
62 7
62 8
62 9
62 10
62 12
62 13
62 16
62 18
62 20
62 23
62 24
62 25
62 26
62 29
62 30
62 33
62 36
62 37
62 40
62 41
62 42
62 48
62 49
62 50
62 52
62 53
62 54
62 56
62 58
62 59
62 61
62 62
62 64
62 65
62 66
62 67
62 69
62 74
62 78
62 79
62 80
62 86
62 87
62 88
62 90
62 94
62 95
62 96
62 99
63 0
63 2
63 3
63 5
63 7
63 9
63 11
63 12
63 13
63 14
63 15
63 18
63 19
63 20
63 23
63 24
63 27
63 28
63 29
63 30
63 31
63 32
63 34
63 35
63 36
63 39
63 40
63 41
63 42
63 50
63 54
63 55
63 56
63 58
63 59
63 60
63 62
63 65
63 67
63 68
63 72
63 73
63 76
63 78
63 80
63 83
63 84
63 87
63 94
63 95
63 96
63 98
63 99
64 1
64 3
64 4
64 5
64 6
64 7
64 8
64 12
64 17
64 18
64 21
64 22
64 23
64 26
64 27
64 29
64 30
64 32
64 33
64 34
64 36
64 37
64 38
64 40
64 43
64 46
64 48
64 49
64 50
64 51
64 52
64 53
64 56
64 57
64 59
64 60
64 61
64 62
64 66
64 69
64 74
64 75
64 80
64 83
64 88
64 89
64 91
64 92
64 93
64 94
64 95
64 96
64 97
64 98
64 99
65 1
65 2
65 3
65 5
65 6
65 7
65 8
65 9
65 10
65 11
65 16
65 17
65 18
65 19
65 22
65 24
65 27
65 28
65 30
65 31
65 33
65 36
65 37
65 41
65 42
65 45
65 46
65 49
65 55
65 57
65 58
65 59
65 60
65 61
65 65
65 66
65 68
65 70
65 71
65 74
65 75
65 77
65 79
65 83
65 86
65 90
65 91
65 92
65 93
65 99
66 1
66 2
66 3
66 7
66 8
66 11
66 12
66 13
66 14
66 16
66 23
66 24
66 27
66 28
66 29
66 30
66 31
66 32
66 40
66 41
66 42
66 44
66 45
66 47
66 48
66 49
66 50
66 51
66 53
66 54
66 56
66 59
66 61
66 68
66 70
66 72
66 73
66 74
66 75
66 77
66 78
66 79
66 80
66 81
66 82
66 84
66 85
66 87
66 89
66 90
66 91
66 93
66 94
66 95
66 97
66 99
67 3
67 7
67 8
67 10
67 12
67 15
67 16
67 18
67 22
67 23
67 24
67 27
67 28
67 30
67 31
67 32
67 33
67 34
67 35
67 37
67 39
67 41
67 43
67 48
67 49
67 52
67 53
67 54
67 55
67 56
67 61
67 64
67 66
67 69
67 70
67 71
67 72
67 74
67 75
67 76
67 78
67 79
67 80
67 81
67 84
67 85
67 93
67 94
67 96
67 97
68 0
68 1
68 2
68 7
68 9
68 12
68 13
68 14
68 18
68 19
68 20
68 24
68 25
68 26
68 27
68 28
68 30
68 31
68 32
68 34
68 36
68 40
68 42
68 43
68 45
68 47
68 49
68 50
68 51
68 54
68 58
68 59
68 60
68 64
68 65
68 66
68 67
68 69
68 70
68 75
68 76
68 78
68 80
68 81
68 85
68 93
68 95
69 0
69 4
69 6
69 7
69 9
69 10
69 11
69 13
69 14
69 15
69 18
69 19
69 21
69 22
69 23
69 29
69 30
69 31
69 32
69 36
69 37
69 39
69 41
69 49
69 50
69 51
69 52
69 53
69 55
69 57
69 59
69 60
69 61
69 63
69 64
69 65
69 68
69 70
69 71
69 72
69 74
69 75
69 76
69 80
69 85
69 88
69 89
69 90
69 93
69 94
69 95
69 99
70 0
70 1
70 2
70 3
70 5
70 7
70 8
70 10
70 11
70 12
70 15
70 16
70 17
70 18
70 19
70 20
70 21
70 23
70 30
70 34
70 36
70 38
70 40
70 41
70 43
70 44
70 45
70 49
70 51
70 52
70 53
70 58
70 63
70 65
70 71
70 73
70 74
70 75
70 77
70 78
70 79
70 80
70 81
70 83
70 85
70 86
70 87
70 88
70 89
70 90
70 92
70 93
70 94
70 96
70 97
70 99
71 4
71 9
71 10
71 11
71 13
71 19
71 20
71 21
71 22
71 25
71 26
71 27
71 28
71 29
71 31
71 33
71 35
71 39
71 40
71 44
71 46
71 51
71 52
71 54
71 55
71 57
71 60
71 61
71 64
71 65
71 66
71 68
71 71
71 74
71 76
71 78
71 82
71 83
71 85
71 86
71 87
71 88
71 93
71 95
71 96
71 97
72 0
72 1
72 3
72 5
72 8
72 9
72 14
72 15
72 20
72 21
72 22
72 23
72 24
72 25
72 27
72 28
72 29
72 31
72 33
72 38
72 39
72 41
72 42
72 44
72 48
72 50
72 51
72 52
72 56
72 57
72 59
72 62
72 64
72 65
72 67
72 70
72 72
72 73
72 74
72 75
72 76
72 79
72 82
72 85
72 86
72 87
72 90
72 94
72 96
72 99
73 0
73 1
73 3
73 5
73 7
73 10
73 11
73 13
73 14
73 17
73 18
73 19
73 23
73 24
73 27
73 29
73 32
73 33
73 34
73 35
73 38
73 39
73 42
73 43
73 45
73 46
73 48
73 49
73 50
73 51
73 53
73 55
73 57
73 58
73 60
73 63
73 64
73 65
73 69
73 70
73 71
73 74
73 75
73 77
73 80
73 81
73 83
73 86
73 88
73 89
73 91
73 92
73 93
73 97
73 99
74 4
74 5
74 10
74 11
74 12
74 16
74 17
74 20
74 28
74 30
74 34
74 36
74 38
74 39
74 43
74 44
74 46
74 49
74 51
74 54
74 56
74 58
74 60
74 61
74 62
74 64
74 65
74 68
74 69
74 72
74 73
74 74
74 79
74 81
74 82
74 83
74 84
74 85
74 86
74 87
74 90
74 94
74 95
74 96
74 98
74 99
75 0
75 2
75 3
75 5
75 11
75 14
75 15
75 20
75 21
75 22
75 24
75 25
75 26
75 28
75 29
75 30
75 31
75 34
75 36
75 38
75 41
75 43
75 44
75 46
75 48
75 49
75 50
75 51
75 53
75 54
75 55
75 57
75 60
75 62
75 63
75 64
75 65
75 66
75 68
75 69
75 70
75 74
75 75
75 76
75 78
75 80
75 81
75 82
75 87
75 90
75 92
75 93
75 96
75 98
76 5
76 6
76 9
76 10
76 15
76 16
76 18
76 19
76 20
76 22
76 25
76 27
76 30
76 31
76 33
76 35
76 36
76 37
76 39
76 40
76 41
76 42
76 43
76 44
76 47
76 48
76 49
76 52
76 53
76 54
76 55
76 56
76 58
76 63
76 64
76 66
76 67
76 69
76 72
76 74
76 76
76 77
76 78
76 79
76 81
76 82
76 84
76 85
76 87
76 88
76 89
76 91
76 92
76 93
76 94
76 95
76 97
76 99
77 0
77 1
77 3
77 4
77 7
77 9
77 10
77 11
77 12
77 13
77 16
77 17
77 18
77 20
77 21
77 22
77 23
77 28
77 34
77 41
77 42
77 43
77 44
77 45
77 49
77 51
77 53
77 55
77 57
77 59
77 60
77 63
77 67
77 68
77 69
77 71
77 73
77 75
77 77
77 78
77 79
77 81
77 86
77 87
77 91
77 93
77 94
77 95
77 97
78 1
78 2
78 4
78 5
78 7
78 8
78 9
78 10
78 11
78 12
78 13
78 14
78 21
78 22
78 24
78 26
78 27
78 28
78 35
78 37
78 39
78 40
78 41
78 43
78 44
78 45
78 48
78 50
78 51
78 53
78 55
78 56
78 57
78 58
78 60
78 61
78 63
78 64
78 65
78 66
78 67
78 69
78 70
78 71
78 72
78 73
78 74
78 75
78 77
78 78
78 79
78 80
78 81
78 82
78 83
78 84
78 85
78 86
78 87
78 90
78 91
78 95
78 97
79 0
79 4
79 5
79 8
79 11
79 14
79 16
79 17
79 18
79 19
79 20
79 21
79 22
79 23
79 25
79 27
79 28
79 29
79 30
79 32
79 33
79 35
79 36
79 38
79 39
79 40
79 41
79 42
79 44
79 45
79 47
79 49
79 50
79 53
79 54
79 60
79 61
79 64
79 66
79 69
79 72
79 77
79 81
79 83
79 84
79 85
79 86
79 88
79 91
79 93
79 96
80 2
80 7
80 9
80 10
80 12
80 13
80 15
80 17
80 21
80 22
80 24
80 26
80 27
80 28
80 31
80 36
80 37
80 39
80 42
80 43
80 50
80 51
80 52
80 55
80 58
80 63
80 66
80 68
80 69
80 71
80 75
80 76
80 78
80 82
80 86
80 87
80 88
80 90
80 92
80 94
80 96
80 97
80 99
81 0
81 3
81 4
81 5
81 8
81 9
81 13
81 14
81 15
81 16
81 17
81 20
81 27
81 28
81 32
81 38
81 39
81 41
81 43
81 44
81 46
81 47
81 48
81 51
81 52
81 55
81 59
81 60
81 62
81 66
81 67
81 72
81 73
81 75
81 76
81 78
81 86
81 87
81 92
81 94
81 95
81 97
81 98
81 99
82 0
82 2
82 3
82 4
82 5
82 7
82 8
82 9
82 10
82 11
82 13
82 14
82 15
82 16
82 17
82 18
82 19
82 21
82 22
82 23
82 26
82 27
82 29
82 32
82 33
82 36
82 38
82 39
82 40
82 43
82 44
82 47
82 50
82 51
82 53
82 55
82 57
82 59
82 62
82 65
82 67
82 68
82 70
82 71
82 72
82 75
82 82
82 84
82 87
82 88
82 94
82 95
82 96
82 97
82 98
83 0
83 1
83 5
83 7
83 8
83 9
83 10
83 11
83 13
83 14
83 17
83 19
83 21
83 23
83 24
83 25
83 27
83 30
83 32
83 37
83 38
83 39
83 40
83 45
83 46
83 47
83 48
83 50
83 51
83 54
83 55
83 65
83 66
83 67
83 68
83 70
83 76
83 78
83 79
83 80
83 82
83 83
83 84
83 85
83 86
83 88
83 89
83 91
83 93
83 94
84 0
84 1
84 2
84 4
84 9
84 18
84 20
84 21
84 22
84 23
84 24
84 26
84 33
84 34
84 36
84 40
84 41
84 42
84 43
84 44
84 45
84 46
84 48
84 50
84 51
84 52
84 55
84 57
84 60
84 61
84 69
84 70
84 73
84 74
84 75
84 77
84 79
84 81
84 88
84 89
84 90
84 91
84 94
84 95
84 96
84 98
85 0
85 2
85 7
85 10
85 13
85 19
85 21
85 25
85 30
85 31
85 32
85 33
85 34
85 36
85 38
85 40
85 42
85 43
85 44
85 49
85 50
85 53
85 55
85 56
85 57
85 58
85 60
85 61
85 62
85 63
85 68
85 69
85 70
85 71
85 72
85 73
85 74
85 76
85 78
85 79
85 84
85 87
85 88
85 90
85 92
85 94
85 95
85 97
85 98
85 99
86 0
86 1
86 2
86 4
86 6
86 7
86 8
86 11
86 12
86 14
86 16
86 19
86 20
86 25
86 28
86 30
86 32
86 33
86 37
86 39
86 41
86 44
86 45
86 46
86 51
86 52
86 53
86 54
86 56
86 57
86 60
86 61
86 62
86 66
86 69
86 71
86 73
86 75
86 77
86 79
86 83
86 88
86 91
86 92
86 93
86 95
86 96
86 97
86 98
87 1
87 2
87 3
87 5
87 6
87 9
87 10
87 11
87 13
87 18
87 22
87 23
87 25
87 28
87 30
87 31
87 35
87 39
87 40
87 41
87 42
87 46
87 50
87 51
87 52
87 53
87 54
87 56
87 57
87 58
87 59
87 60
87 61
87 63
87 64
87 65
87 66
87 67
87 69
87 70
87 73
87 74
87 75
87 76
87 77
87 81
87 85
87 90
87 91
87 92
87 93
87 96
87 97
87 98
88 0
88 5
88 7
88 8
88 9
88 14
88 15
88 16
88 17
88 19
88 21
88 23
88 24
88 25
88 27
88 32
88 35
88 37
88 38
88 41
88 43
88 45
88 46
88 47
88 49
88 56
88 60
88 62
88 63
88 64
88 65
88 66
88 68
88 69
88 71
88 74
88 75
88 77
88 83
88 85
88 87
88 92
88 93
88 94
88 95
88 96
88 98
89 1
89 5
89 7
89 8
89 15
89 16
89 17
89 18
89 20
89 21
89 23
89 24
89 26
89 28
89 30
89 31
89 34
89 35
89 36
89 38
89 40
89 42
89 43
89 44
89 46
89 47
89 48
89 50
89 51
89 52
89 53
89 56
89 59
89 61
89 63
89 64
89 65
89 67
89 69
89 70
89 72
89 73
89 74
89 75
89 76
89 77
89 79
89 80
89 81
89 83
89 84
89 87
89 88
89 89
89 90
89 91
89 92
89 93
89 94
89 97
90 1
90 4
90 9
90 10
90 13
90 14
90 15
90 17
90 20
90 21
90 22
90 23
90 24
90 25
90 26
90 28
90 30
90 33
90 34
90 38
90 40
90 41
90 43
90 46
90 47
90 49
90 50
90 55
90 66
90 69
90 71
90 72
90 74
90 75
90 76
90 77
90 80
90 81
90 84
90 85
90 86
90 87
90 88
90 93
90 94
90 97
91 3
91 4
91 6
91 8
91 9
91 10
91 11
91 12
91 14
91 18
91 20
91 21
91 23
91 26
91 28
91 29
91 30
91 32
91 36
91 38
91 41
91 42
91 44
91 54
91 55
91 58
91 60
91 64
91 66
91 68
91 73
91 74
91 75
91 76
91 79
91 80
91 83
91 84
91 85
91 86
91 87
91 89
91 92
92 2
92 3
92 5
92 8
92 10
92 11
92 12
92 14
92 15
92 17
92 19
92 20
92 21
92 24
92 26
92 27
92 29
92 30
92 32
92 34
92 35
92 37
92 38
92 44
92 45
92 46
92 48
92 52
92 53
92 55
92 56
92 57
92 58
92 61
92 62
92 63
92 67
92 68
92 69
92 70
92 71
92 72
92 79
92 80
92 83
92 85
92 87
92 88
92 92
92 93
92 94
92 95
92 96
92 97
92 99
93 2
93 3
93 4
93 5
93 12
93 14
93 15
93 17
93 18
93 19
93 23
93 24
93 28
93 29
93 30
93 31
93 35
93 36
93 38
93 39
93 40
93 43
93 45
93 47
93 51
93 52
93 54
93 55
93 56
93 57
93 59
93 60
93 62
93 65
93 66
93 67
93 71
93 72
93 75
93 76
93 77
93 78
93 79
93 80
93 82
93 86
93 90
93 91
93 92
93 93
93 94
93 97
94 1
94 2
94 3
94 5
94 6
94 7
94 9
94 10
94 12
94 14
94 17
94 18
94 22
94 23
94 24
94 25
94 26
94 28
94 29
94 30
94 32
94 33
94 34
94 36
94 37
94 40
94 41
94 42
94 43
94 47
94 49
94 51
94 52
94 53
94 56
94 57
94 60
94 64
94 65
94 67
94 69
94 70
94 74
94 77
94 78
94 79
94 80
94 84
94 85
94 86
94 89
94 95
94 96
94 97
94 99
95 0
95 1
95 3
95 5
95 7
95 8
95 10
95 11
95 13
95 15
95 17
95 20
95 24
95 26
95 31
95 32
95 34
95 41
95 42
95 43
95 44
95 45
95 46
95 47
95 48
95 49
95 50
95 51
95 52
95 53
95 54
95 56
95 57
95 60
95 63
95 64
95 66
95 67
95 69
95 70
95 71
95 73
95 75
95 76
95 79
95 80
95 82
95 86
95 88
95 89
95 90
95 91
95 92
95 93
95 95
95 96
95 99
96 0
96 5
96 6
96 8
96 9
96 11
96 14
96 16
96 17
96 18
96 22
96 23
96 24
96 26
96 32
96 38
96 40
96 44
96 48
96 49
96 50
96 51
96 54
96 55
96 56
96 58
96 59
96 60
96 62
96 63
96 67
96 72
96 73
96 74
96 75
96 76
96 78
96 80
96 82
96 83
96 87
96 92
96 94
96 97
96 98
97 1
97 5
97 6
97 7
97 11
97 13
97 14
97 15
97 17
97 18
97 22
97 24
97 26
97 27
97 29
97 31
97 34
97 39
97 40
97 41
97 42
97 43
97 47
97 49
97 50
97 52
97 55
97 56
97 57
97 58
97 61
97 62
97 65
97 66
97 69
97 73
97 74
97 78
97 80
97 83
97 84
97 86
97 87
97 89
97 91
97 94
98 1
98 2
98 4
98 5
98 7
98 11
98 12
98 16
98 19
98 20
98 21
98 24
98 26
98 27
98 29
98 30
98 32
98 33
98 35
98 38
98 40
98 43
98 45
98 47
98 48
98 50
98 51
98 52
98 55
98 56
98 60
98 61
98 64
98 69
98 70
98 71
98 73
98 76
98 77
98 78
98 81
98 84
98 85
98 86
98 88
98 89
98 93
98 99
99 0
99 1
99 2
99 4
99 5
99 7
99 8
99 9
99 11
99 14
99 15
99 18
99 22
99 24
99 26
99 28
99 29
99 30
99 35
99 38
99 42
99 43
99 44
99 49
99 51
99 52
99 53
99 59
99 60
99 61
99 62
99 66
99 68
99 69
99 71
99 72
99 76
99 80
99 84
99 86
99 89
99 96
99 97
99 98
99 99